1
3
4
5
6
7
8
9
10
11
12
16
17
20
22
23
24
25
26
27
28
29
30
31
33
35
36
37
39
40
41
42
43
44
45
46
47
48
50
51
52
53
54
55
56
57
58
59
63
64
65
66
68
70
71
72
75
76
77
78
79
80
81
83
84
85
86
87
88
89
90
91
92
93
94
95
96
98
99
100
101
102
103
104
105
106
107
111
112
113
114
115
116
117
118
121
122
123
124
126
128
129
130
131
133
134
135
136
138
140
141
142
144
145
146
149
151
152
153
155
156
157
158
159
160
161
162
163
164
166
167
168
169
170
171
172
173
174
175
176
177
178
179
180
181
182
183
184
185
186
187
188
189
191
192
193
195
199
200
201
202
206
208
209
210
212
213
214
215
216
217
218
219
220
221
223
226
229
230
231
232
234
235
236
237
238
239
240
241
242
244
246
247
248
249
250
252
253
254
255
256
258
261
264
265
266
267
268
271
272
273
274
275
276
277
279
280
281
282
284
285
286
288
289
290
292
294
296
297
298
299
301
302
303
304
305
306
308
309
310
311
312
314
315
316
317
319
321
322
323
324
325
328
331
334
335
336
338
339
340
342
344
346
347
348
349
350
351
352
354
355
356
357
358
359
360
361
363
364
365
366
367
368
369
371
373
376
378
379
382
387
389
390
392
394
398
402
403
404
405
406
407
408
409
410
412
413
414
415
416
435
436
437
438
439
440
441
442
443
445
446
447
448
449
451
452
454
456
457
459
461
462
464
466
468
470
475
476
477
478
480
482
483
484
485
487
488
489
490
491
493
498
500
501
505
506
507
508
510
511
512
513
514
516
521
522
524
526
527
530
531
532
533
538
539
541
545
556
557
558
559
561
562
563
565
566
568
572
573
574
576
577
578
579
580
582
583
584
585
586
588
589
590
592
593
594
595
596
598
599
600
601
602
604
606
607
608
609
610
612
613
616
617
618
619
620
622
623
625
626
627
628
629
630
632
633
634
635
636
637
639
640
643
644
645
646
647
648
649
650
652
653
654
655
656
659
661
662
663
664
665
666
667
668
669
670
671
672
673
674
675
676
677
678
679
680
681
682
683
684
686
687
688
689
690
691
692
693
695
696
697
699
700
701
702
704
705
706
707
709
710
711
712
714
715
716
717
718
719
720
721
722
723
724
725
726
728
729
730
731
732
734
735
736
737
738
741
743
745
746
750
751
755
757
759
762
764
765
767
771
772
773
774
776
777
778
779
780
794
795
796
797
799
801
802
803
805
808
810
811
813
815
816
817
819
820
821
822
825
827
828
830
834
835
839
845
850
851
852
860
861
862
863
864
865
866
868
869
870
871
872
873
874
875
876
877
878
879
881
882
883
886
887
888
889
890
891
892
893
894
895
896
897
898
900
901
902
903
904
905
906
908
909
910
911
912
914
915
916
917
920
921
922
923
926
927
928
929
932
934
935
936
937
938
941
943
944
945
946
949
950
951
952
953
954
955
956
957
958
959
960
961
962
963
965
966
967
968
969
971
972
973
974
975
976
977
978
979
980
981
982
987
988
989
990
991
992
993
994
996
997
998
1000
1001
1004
1005
1006
1007
1008
1009
1010
1013
1014
1015
1019
1020
1021
1023
1024
1025
1027
1028
1029
1030
1033
1035
1036
1037
1038
1039
1040
1042
1043
1044
1045
1046
1047
1048
1050
1052
1053
1054
1055
1056
1064
1065
1066
1069
1070
1071
1072
1073
1074
1075
1076
1077
1078
1079
1080
1081
1082
1084
1085
1086
1087
1088
1090
1091
1092
1093
1094
1095
1097
1098
1100
1105
1106
1108
1110
1111
1113
1114
1115
1116
1117
1118
1120
1121
1126
1127
1129
1133
1134
1135
1136
1137
1138
1139
1150
1151
1153
1155
1156
1157
1159
1161
1162
1163
1164
1165
1167
1168
1169
1170
1171
1172
1173
1175
1177
1178
1179
1180
1182
1184
1185
1186
1188
1189
1190
1193
1195
1196
1197
1199
1200
1201
1202
1203
1204
1205
1206
1208
1209
1210
1211
1212
1213
1214
1215
1217
1218
1219
1220
1221
1222
1223
1225
1226
1227
1229
1230
1231
1232
1233
1235
1236
1237
1239
1240
1241
1242
1243
1244
1245
1246
1248
1249
1250
1251
1252
1253
1254
1255
1256
1257
1259
1261
1262
1263
1265
1270
1271
1273
1275
1276
1277
1279
1280
1281
1282
1287
1288
1290
1293
1294
1299
1305
1306
1307
1308
1310
1311
1312
1314
1315
1317
1320
1321
1322
1323
1324
1325
1326
1327
1328
1329
1330
1331
1332
1333
1334
1335
1337
1338
1339
1340
1341
1342
1343
1344
1345
1346
1347
1348
1351
1352
1353
1354
1356
1357
1358
1360
1361
1362
1363
1364
1365
1366
1367
1369
1370
1371
1372
1373
1374
1375
1376
1377
1378
1381
1383
1387
1388
1390
1394
1395
1397
1399
1400
1401
1403
1405
1406
1407
1408
1409
1411
1412
1413
1414
1415
1416
1417
1419
1421
1422
1423
1424
1425
1426
1427
1428
1429
1430
1431
1432
1433
1434
1436
1437
1438
1439
1441
1442
1443
1444
1447
1448
1449
1450
1451
1452
1453
1454
1455
1458
1459
1461
1463
1464
1465
1467
1469
1470
1471
1472
1473
1474
1475
1476
1477
1478
1479
1480
1481
1483
1484
1485
1490
1491
1492
1493
1494
1495
1496
1497
1498
1499
1500
1502
1505
1506
1507
1508
1510
1511
1512
1514
1515
1517
1520
1522
1523
1526
1528
1529
1530
1531
1532
1533
1534
1535
1537
1538
1539
1540
1542
1543
1544
1545
1546
1547
1548
1549
1550
1551
1553
1555
1556
1557
1560
1562
1563
1564
1565
1566
1567
1568
1569
1570
1571
1574
1575
1576
1594
1597
1598
1600
1601
1603
1604
1609
1610
1611
1612
1613
1614
1615
1616
1617
1618
1619
1622
1623
1624
1626
1627
1630
1632
1633
1636
1637
1638
1639
1640
1644
1645
1646
1651
1652
1653
1654
1655
1656
1657
1658
1660
1661
1662
1663
1664
1665
1666
1667
1668
1669
1672
1673
1674
1676
1678
1679
1682
1683
1684
1685
1687
1688
1691
1692
1693
1694
1695
1696
1699
1700
1701
1702
1708
1709
1711
1712
1713
1716
1717
1718
1719
1725
1726
1728
1729
1730
1731
1732
1733
1734
1736
1737
1738
1739
1740
1741
1743
1744
1746
1748
1749
1750
1752
1753
1754
1755
1756
1757
1761
1762
1763
1765
1766
1767
1770
1771
1772
1774
1776
1777
1778
1779
1781
1782
1783
1784
1785
1786
1788
1789
1790
1791
1792
1794
1795
1796
1798
1799
1801
1802
1803
1804
1805
1806
1808
1809
1810
1811
1812
1813
1814
1819
1820
1821
1823
1824
1826
1828
1830
1831
1833
1835
1836
1837
1839
1841
1842
1843
1844
1846
1848
1849
1850
1851
1852
1854
1855
1856
1857
1858
1859
1860
1861
1863
1864
1865
1866
1867
1868
1869
1871
1872
1873
1876
1877
1878
1880
1883
1887
1888
1889
1890
1891
1892
1893
1895
1896
1898
1899
1901
1903
1905
1906
1907
1908
1909
1910
1911
1912
1914
1915
1916
1917
1918
1919
1920
1922
1923
1924
1925
1928
1929
1930
1931
1932
1934
1936
1937
1938
1939
1940
1942
1943
1945
1946
1947
1948
1949
1950
1952
1954
1955
1956
1957
1958
1959
1961
1962
1963
1964
1965
1966
1967
1968
1969
1970
1972
1973
1974
1975
1976
1977
1978
1979
1983
1984
1985
1986
1990
1991
1992
1993
1994
1995
1997
1998
1999
2000
2001
2002
2003
2004
2005
2006
2007
2008
2009
2010
2011
2012
2013
2014
2016
2017
2018
2019
2020
2021
2022
2023
2025
2027
2028
2029
2030
2031
2033
2034
2035
2036
2037
2038
2039
2040
2041
2042
2045
2046
2047
2048
2049
2050
2051
2052
2053
2054
2057
2058
2061
2063
2064
2069
2070
2072
2073
2074
2075
2076
2077
2078
2079
2081
2082
2083
2084
2086
2087
2090
2092
2093
2096
2097
2098
2113
2114
2115
2116
2118
2120
2121
2122
2123
2124
2125
2126
2127
2129
2131
2132
2133
2136
2138
2139
2142
2144
2145
2147
2148
2151
2153
2154
2155
2156
2159
2160
2161
2162
2163
2168
2169
2171
2172
2173
2176
2178
2179
2186
2188
2189
2190
2191
2192
2193
2194
2195
2196
2198
2199
2200
2201
2202
2203
2204
2205
2206
2207
2212
2213
2214
2216
2217
2218
2219
2220
2221
2222
2223
2225
2226
2228
2231
2233
2234
2235
2239
2240
2241
2242
2244
2245
2246
2248
2250
2251
2252
2253
2255
2256
2258
2259
2260
2262
2264
2265
2267
2268
2269
2270
2271
2272
2273
2275
2276
2277
2278
2279
2280
2281
2289
2290
2291
2292
2293
2294
2295
2296
2297
2298
2299
2300
2303
2304
2305
2306
2307
2308
2309
2310
2311
2312
2313
2315
2316
2319
2320
2321
2322
2324
2325
2326
2327
2328
2329
2330
2331
2333
2334
2335
2336
2337
2338
2339
2340
2341
2342
2343
2344
2345
2346
2348
2349
2350
2351
2352
2353
2354
2357
2358
2359
2360
2362
2365
2366
2368
2370
2371
2374
2375
2376
2377
2379
2381
2382
2383
2385
2387
2388
2389
2390
2391
2392
2393
2395
2396
2397
2398
2399
2400
2401
2402
2403
2405
2406
2407
2408
2409
2410
2411
2412
2413
2414
2415
2416
2419
2421
2422
2425
2427
2428
2429
2431
2432
2433
2434
2435
2436
2438
2439
2442
2443
2444
2445
2446
2447
2448
2449
2450
2452
2454
2455
2458
2460
2471
2472
2473
2474
2475
2476
2477
2478
2479
2482
2483
2484
2486
2487
2488
2489
2490
2491
2492
2493
2494
2496
2497
2499
2500
2501
2502
2503
2504
2505
2507
2508
2509
2510
2512
2514
2515
2516
2518
2519
2520
2521
2523
2525
2526
2527
2530
2532
2533
2536
2538
2539
2541
2542
2545
2546
2547
2548
2549
2550
2553
2554
2555
2556
2559
2563
2565
2566
2567
2570
2571
2572
2573
2578
2579
2580
2581
2582
2583
2584
2585
2586
2589
2591
2592
2593
2595
2596
2597
2598
2599
2600
2601
2603
2604
2605
2606
2607
2608
2609
2610
2612
2613
2614
2615
2616
2617
2618
2619
2620
2621
2624
2625
2626
2627
2629
2631
2632
2633
2635
2636
2637
2638
2640
2641
2642
2644
2645
2646
2647
2648
2649
2650
2651
2652
2653
2654
2655
2656
2657
2658
2659
2660
2661
2662
2663
2664
2665
2666
2667
2668
2669
2670
2671
2672
2673
2674
2676
2679
2680
2681
2682
2684
2686
2687
2688
2690
2691
2692
2693
2694
2695
2696
2697
2699
2700
2701
2702
2703
2704
2705
2707
2708
2711
2713
2714
2717
2718
2720
2722
2723
2726
2728
2730
2731
2732
2733
2735
2736
2737
2738
2739
2740
2741
2743
2744
2745
2746
2747
2748
2749
2750
2751
2752
2753
2754
2755
2756
2757
2758
2759
2762
2764
2765
2766
2767
2768
2769
2770
2771
2772
2773
2774
2776
2777
2779
2780
2781
2782
2783
2784
2785
2786
2787
2788
2789
2790
2791
2792
2794
2795
2796
2797
2799
2800
2801
2802
2803
2805
2806
2807
2808
2809
2810
2811
2812
2813
2814
2815
2816
2817
2818
2819
2821
2822
2823
2824
2825
2828
2829
2830
2831
2832
2833
2834
2835
2836
2837
2838
2839
2840
2841
2842
2844
2845
2847
2850
2851
2852
2853
2856
2858
2859
2860
2861
2862
2863
2864
2865
2867
2869
2870
2871
2872
2873
2874
2875
2876
2877
2880
2881
2882
2883
2884
2885
2886
2887
2888
2889
2890
2891
2892
2893
2894
2895
2896
2897
2909
2911
2912
2913
2914
2915
2916
2917
2920
2924
2927
2928
2929
2931
2932
2935
2938
2940
2941
2942
2943
2944
2945
2946
2949
2951
2955
2956
2958
2962
2963
2967
2968
2970
2975
2976
2977
2978
2979
2980
2981
2982
2983
2984
2985
2986
2987
2988
2989
2990
2991
2992
2993
2994
2995
2997
2998
2999
3000
3001
3002
3003
3004
3005
3006
3007
3008
3009
3010
3011
3012
3020
3022
3023
3024
3026
3028
3030
3031
3032
3033
3037
3039
3040
3041
3043
3044
3045
3046
3047
3048
3049
3050
3051
3052
3055
3056
3057
3058
3059
3061
3064
3066
3067
3069
3070
3074
3075
3076
3077
3078
3079
3080
3081
3082
3083
3086
3087
3088
3090
3092
3093
3094
3095
3097
3098
3099
3100
3103
3106
3111
3116
3117
3118
3119
3120
3121
3122
3123
3124
3125
3126
3127
3129
3131
3132
3134
3135
3139
3141
3142
3144
3145
3147
3150
3151
3152
3153
3154
3155
3156
3157
3158
3159
3161
3162
3164
3166
3167
3170
3171
3172
3173
3174
3175
3176
3178
3179
3180
3182
3183
3184
3185
3186
3187
3188
3189
3190
3191
3192
3194
3196
3197
3198
3200
3201
3203
3204
3207
3209
3210
3211
3212
3213
3214
3215
3216
3217
3218
3219
3222
3223
3224
3226
3227
3230
3232
3233
3236
3238
3239
3240
3245
3246
3249
3251
3252
3253
3254
3255
3256
3258
3261
3262
3263
3264
3265
3266
3267
3268
3269
3272
3273
3274
3276
3278
3279
3282
3283
3284
3285
3287
3288
3291
3293
3294
3295
3296
3299
3300
3301
3302
3303
3308
3309
3312
3313
3317
3319
3328
3329
3333
3335
3336
3337
3338
3339
3340
3341
3344
3347
3350
3352
3354
3358
3360
3362
3365
3371
3372
3374
3375
3376
3377
3378
3379
3383
3385
3387
3388
3390
3391
3405
3406
3414
3417
3418
3420
3422
3423
3428
3429
3430
3431
3432
3433
3434
3435
3436
3439
3440
3443
3446
3452
3454
3455
3456
3457
3459
3460
3463
3469
3472
3477
3479
3480
3481
3482
3483
3484
3485
3488
3489
3490
3491
3494
3495
3497
3498
3499
3500
3501
3502
3503
3504
3505
3506
3507
3508
3509
3510
3511
3512
3513
3514
3515
3516
3517
3518
3519
3520
3521
3522
3523
3524
3525
3526
3527
3528
3529
3531
3532
3533
3534
3535
3537
3539
3540
3541
3544
3545
3546
3547
3548
3549
3550
3553
3568
3570
3571
3572
3573
3574
3575
3576
3579
3580
3581
3582
3583
3585
3586
3587
3588
3592
3594
3600
3601
3603
3604
3607
3609
3610
3611
3612
3613
3614
3615
3617
3618
3619
3622
3624
3625
3626
3627
3628
3630
3631
3632
3635
3637
3639
3642
3644
3646
3650
3651
3653
3657
3659
3661
3664
3681
3682
3685
3687
3696
3697
3702
3703
3704
3706
3708
3709
3713
3717
3722
3724
3725
3726
3727
3728
3729
3731
3732
3733
3734
3735
3736
3737
3738
3739
3740
3741
3742
3743
3744
3746
3747
3748
3749
3750
3751
3752
3753
3754
3755
3756
3757
3758
3759
3760
3761
3763
3766
3769
3772
3773
3775
3779
3780
3781
3782
3783
3785
3788
3790
3792
3793
3795
3796
3798
3800
3801
3802
3803
3804
3805
3806
3807
3808
3809
3810
3812
3813
3815
3817
3818
3821
3822
3823
3824
3825
3827
3829
3830
3831
3833
3834
3835
3836
3837
3838
3839
3840
3841
3842
3845
3847
3848
3851
3853
3854
3855
3857
3858
3860
3862
3863
3866
3867
3868
3869
3870
3871
3872
3874
3875
3876
3878
3879
3880
3881
3883
3884
3885
3886
3887
3888
3889
3890
3891
3892
3893
3894
3895
3896
3897
3898
3899
3902
3904
3905
3906
3907
3908
3909
3910
3911
3912
3914
3916
3917
3919
3920
3921
3922
3923
3925
3926
3927
3930
3931
3932
3933
3934
3935
3936
3938
3939
3940
3942
3943
3945
3946
3947
3948
3949
3950
3951
3952
3953
3954
3957
3958
3959
3962
3964
3973
3975
3976
3978
3979
3980
3981
3982
3984
3985
3987
3988
3989
3990
3991
3992
3993
3994
3995
3996
3997
3999
4000
4001
4002
4003
4004
4005
4007
4008
4009
4011
4012
4013
4014
4015
4016
4017
4018
4019
4022
4023
4024
4025
4027
4028
4029
4030
4031
4032
4033
4034
4037
4038
4039
4040
4041
4043
4044
4045
4049
4050
4051
4052
4053
4057
4058
4061
4062
4063
4064
4065
4066
4068
4070
4071
4072
4073
4074
4075
4076
4077
4078
4079
4080
4081
4082
4083
4084
4086
4088
4090
4093
4095
4100
4101
4102
4103
4107
4109
4110
4111
4112
4113
4115
4117
4119
4120
4121
4122
4124
4126
4127
4128
4129
4130
4131
4132
4133
4134
4135
4137
4138
4139
4140
4142
4143
4144
4145
4146
4148
4149
4150
4151
4153
4155
4156
4157
4159
4160
4161
4162
4163
4164
4165
4166
4168
4169
4170
4171
4174
4175
4176
4177
4180
4181
4182
4184
4185
4189
4190
4192
4194
4196
4198
4203
4204
4205
4206
4208
4209
4210
4211
4212
4213
4215
4217
4218
4219
4221
4228
4229
4231
4233
4234
4235
4236
4239
4240
4241
4242
4244
4249
4250
4252
4254
4255
4258
4259
4260
4261
4266
4267
4268
4269
4273
4274
4276
4284
4289
4290
4291
4293
4294
4302
4304
4305
4306
4307
4308
4309
4313
4316
4318
4319
4320
4321
4322
4323
4327
4329
4331
4332
4333
4334
4335
4336
4340
4346
4353
4354
4355
4357
4360
4362
4364
4365
4366
4367
4368
4369
4370
4371
4372
4373
4375
4376
4377
4378
4379
4380
4381
4382
4383
4384
4385
4386
4387
4388
4389
4390
4391
4393
4394
4395
4396
4398
4399
4400
4401
4402
4405
4406
4407
4408
4409
4411
4412
4415
4417
4418
4421
4423
4424
4426
4428
4432
4434
4437
4438
4439
4441
4442
4445
4446
4449
4453
4454
4460
4461
4462
4463
4464
4468
4470
4479
4480
4481
4482
4487
4488
4489
4490
4491
4492
4494
4495
4498
4499
4503
4504
4505
4507
4509
4510
4513
4514
4515
4516
4517
4520
4525
4527
4528
4529
4530
4531
4532
4533
4536
4549
4550
4551
4552
4553
4554
4556
4558
4559
4560
4565
4570
4571
4572
4573
4574
4575
4577
4578
4582
4583
4585
4589
4590
4592
4594
4595
4596
4598
4600
4601
4604
4605
4607
4608
4611
4614
4615
4619
4620
4622
4627
4628
4629
4630
4632
4633
4634
4635
4636
4638
4639
4640
4641
4642
4643
4644
4645
4646
4647
4649
4650
4651
4652
4653
4654
4655
4656
4657
4658
4659
4660
4661
4662
4663
4664
4665
4668
4669
4670
4672
4673
4674
4675
4676
4680
4681
4682
4683
4684
4685
4689
4691
4692
4695
4697
4709
4726
4727
4729
4739
4740
4749
4751
4760
4761
4762
4763
4764
4766
4768
4769
4770
4771
4772
4773
4775
4777
4778
4779
4780
4781
4782
4783
4784
4785
4786
4788
4789
4790
4791
4793
4794
4795
4796
4797
4800
4801
4802
4803
4804
4806
4807
4808
4810
4811
4812
4813
4814
4815
4816
4817
4820
4822
4826
4827
4829
4833
4834
4836
4838
4839
4840
4842
4844
4845
4846
4847
4848
4849
4850
4851
4852
4853
4855
4856
4858
4859
4860
4861
4862
4863
4864
4865
4866
4869
4870
4871
4872
4875
4876
4877
4878
4880
4881
4882
4883
4885
4887
4888
4889
4891
4892
4893
4894
4897
4898
4900
4902
4903
4904
4906
4908
4909
4910
4911
4912
4913
4914
4915
4916
4917
4919
4920
4922
4934
4935
4936
4944
4945
4946
4947
4949
4950
4951
4953
4954
4956
4959
4960
4961
4962
4963
4965
4966
4967
4968
4969
4970
4971
4972
4973
4974
4976
4977
4978
4979
4980
4981
4983
4984
4985
4986
4987
4989
4990
4991
4992
4993
4995
4997
4998
4999
5000
5001
5002
5003
5004
5007
5008
5009
5010
5011
5014
5015
5017
5018
5019
5020
5021
5022
5023
5024
5025
5026
5027
5028
5029
5030
5031
5033
5034
5035
5036
5037
5038
5039
5040
5041
5043
5044
5045
5046
5047
5050
5051
5053
5054
5055
5056
5057
5058
5059
5060
5061
5063
5064
5065
5066
5067
5068
5069
5070
5071
5072
5073
5074
5075
5077
5078
5079
5080
5081
5082
5083
5084
5086
5087
5088
5089
5090
5091
5092
5093
5094
5095
5096
5097
5098
5100
5101
5102
5103
5105
5106
5107
5108
5109
5110
5111
5112
5113
5114
5116
5117
5118
5119
5120
5121
5122
5127
5128
5130
5131
5133
5134
5135
5136
5137
5139
5141
5144
5149
5150
5152
5153
5155
5157
5158
5159
5160
5163
5164
5165
5166
5167
5170
5172
5173
5175
5180
5182
5183
5185
5186
5188
5190
5191
5192
5194
5195
5196
5197
5199
5200
5202
5203
5205
5208
5209
5210
5211
5212
5214
5216
5217
5218
5225
5226
5227
5229
5230
5232
5235
5236
5238
5239
5240
5241
5242
5247
5249
5250
5251
5252
5253
5255
5256
5259
5260
5261
5266
5267
5268
5269
5271
5273
5276
5277
5278
5280
5284
5286
5287
5288
5289
5290
5292
5294
5295
5296
5297
5298
5299
5301
5303
5304
5305
5306
5307
5309
5310
5311
5312
5313
5316
5317
5318
5319
5322
5323
5324
5327
5328
5329
5330
5331
5332
5338
5339
5340
5342
5343
5344
5345
5347
5348
5349
5350
5352
5354
5355
5356
5357
5358
5359
5361
5363
5364
5376
5377
5379
5380
5381
5382
5383
5384
5385
5386
5387
5388
5389
5390
5391
5393
5394
5395
5396
5397
5398
5399
5400
5402
5403
5404
5405
5406
5407
5408
5409
5410
5411
5412
5413
5415
5416
5418
5419
5420
5421
5423
5424
5425
5426
5428
5429
5431
5432
5433
5434
5435
5436
5437
5438
5439
5440
5441
5442
5444
5446
5449
5450
5454
5456
5457
5459
5460
5462
5464
5465
5466
5467
5468
5469
5470
5471
5472
5473
5476
5477
5479
5481
5482
5485
5486
5487
5488
5489
5490
5491
5493
5494
5495
5497
5498
5499
5500
5501
5502
5503
5504
5505
5506
5508
5511
5512
5513
5514
5519
5521
5522
5523
5524
5527
5529
5530
5531
5532
5533
5536
5538
5539
5540
5541
5542
5543
5544
5545
5546
5549
5550
5551
5552
5554
5555
5556
5557
5558
5561
5562
5563
5565
5567
5568
5569
5571
5572
5573
5574
5586
5587
5588
5591
5593
5594
5597
5598
5600
5602
5603
5604
5605
5606
5607
5608
5609
5610
5611
5614
5615
5619
5620
5623
5630
5631
5632
5633
5636
5638
5639
5640
5642
5643
5645
5647
5648
5649
5650
5651
5652
5653
5654
5655
5656
5657
5658
5659
5660
5661
5663
5664
5665
5666
5667
5668
5669
5671
5674
5675
5676
5677
5678
5679
5680
5681
5682
5683
5684
5685
5686
5688
5689
5690
5691
5692
5694
5695
5696
5697
5698
5699
5701
5702
5703
5704
5705
5707
5708
5709
5710
5711
5712
5713
5714
5715
5717
5718
5719
5720
5721
5722
5723
5724
5725
5727
5728
5729
5730
5732
5733
5734
5735
5736
5737
5738
5739
5740
5741
5742
5743
5744
5745
5746
5747
5748
5750
5751
5752
5753
5754
5755
5756
5757
5758
5759
5760
5761
5762
5763
5765
5766
5767
5768
5769
5770
5771
5772
5773
5774
5775
5776
5777
5778
5779
5780
5781
5782
5783
5784
5785
5786
5787
5788
5789
5790
5791
5792
5793
5794
5795
5796
5797
5798
5799
5800
5801
5802
5803
5804
5805
5806
5807
5808
5809
5810
5811
5812
5815
5817
5818
5819
5821
5822
5823
5824
5825
5826
5827
5828
5830
5831
5833
5836
5837
5838
5839
5840
5841
5843
5844
5845
5846
5847
5849
5850
5851
5852
5853
5855
5856
5857
5858
5860
5861
5863
5864
5865
5867
5869
5872
5873
5874
5875
5876
5877
5878
5879
5880
5881
5882
5883
5884
5885
5886
5887
5888
5891
5893
5894
5895
5896
5897
5898
5900
5901
5902
5903
5904
5905
5908
5909
5910
5911
5912
5913
5914
5915
5916
5917
5919
5922
5923
5924
5925
5926
5927
5928
5929
5930
5931
5932
5933
5934
5935
5936
5938
5939
5940
5941
5942
5943
5944
5945
5948
5949
5950
5954
5955
5956
5957
5958
5959
5962
5963
5964
5965
5966
5968
5970
5971
5972
5973
5974
5976
5977
5978
5979
5980
5981
5982
5983
5985
5986
5987
5988
5989
5990
5991
5994
5995
5997
5999
6000
6001
6005
6006
6007
6008
6009
6010
6011
6012
6013
6014
6015
6016
6017
6019
6020
6021
6024
6026
6027
6030
6032
6033
6035
6040
6041
6043
6046
6047
6049
6050
6051
6052
6053
6054
6055
6068
6069
6072
6074
6078
6079
6081
6090
6091
6092
6094
6096
6097
6098
6099
6100
6101
6102
6104
6105
6106
6107
6108
6110
6112
6113
6114
6115
6117
6118
6119
6120
6121
6122
6123
6124
6125
6126
6128
6129
6130
6131
6132
6135
6137
6138
6141
6143
6144
6146
6147
6150
6152
6153
6154
6155
6158
6159
6160
6161
6162
6164
6165
6167
6168
6169
6170
6171
6172
6175
6176
6177
6178
6182
6183
6184
6185
6186
6187
6188
6189
6190
6191
6192
6194
6196
6197
6198
6199
6200
6204
6205
6206
6208
6210
6211
6214
6215
6216
6217
6221
6222
6223
6225
6228
6229
6230
6232
6240
6241
6242
6243
6245
6246
6247
6248
6249
6250
6251
6252
6254
6255
6256
6258
6259
6260
6261
6262
6263
6264
6265
6266
6267
6268
6269
6270
6272
6273
6274
6275
6276
6277
6278
6279
6281
6282
6283
6284
6285
6286
6287
6288
6289
6291
6292
6293
6295
6296
6297
6298
6299
6300
6301
6302
6304
6305
6306
6307
6308
6309
6310
6312
6313
6316
6318
6322
6323
6325
6334
6335
6336
6338
6340
6341
6342
6343
6344
6345
6346
6348
6349
6350
6351
6352
6354
6356
6357
6358
6359
6360
6361
6362
6363
6364
6367
6369
6371
6372
6373
6374
6376
6377
6378
6379
6381
6382
6384
6385
6386
6387
6388
6389
6390
6393
6394
6396
6398
6399
6400
6402
6404
6405
6406
6407
6408
6410
6411
6412
6413
6414
6415
6416
6418
6419
6420
6421
6423
6425
6429
6430
6431
6433
6436
6439
6440
6441
6442
6443
6445
6446
6447
6449
6450
6452
6455
6456
6457
6458
6461
6463
6464
6465
6466
6467
6468
6469
6470
6472
6473
6474
6479
6480
6481
6482
6484
6490
6492
6493
6494
6495
6496
6497
6498
6501
6502
6504
6505
6506
6507
6508
6509
6510
6513
6514
6515
6516
6517
6518
6520
6525
6526
6527
6528
6529
6530
6531
6532
6533
6534
6536
6537
6538
6539
6540
6541
6542
6543
6544
6545
6546
6547
6548
6549
6550
6551
6552
6553
6554
6555
6556
6557
6558
6559
6561
6562
6563
6564
6565
6567
6568
6569
6570
6571
6572
6574
6575
6578
6579
6581
6583
6584
6585
6586
6587
6588
6592
6593
6595
6596
6597
6598
6599
6600
6604
6605
6606
6607
6608
6609
6611
6617
6619
6620
6623
6624
6625
6626
6628
6629
6632
6633
6634
6636
6637
6640
6641
6642
6643
6644
6645
6647
6648
6649
6650
6653
6654
6655
6656
6658
6660
6662
6663
6664
6669
6670
6671
6673
6674
6675
6676
6677
6678
6679
6682
6686
6687
6689
6690
6692
6694
6696
6697
6699
6700
6702
6704
6705
6708
6709
6711
6713
6714
6716
6717
6719
6721
6722
6724
6727
6728
6729
6730
6732
6733
6734
6735
6737
6739
6742
6745
6748
6749
6750
6751
6752
6753
6758
6760
6761
6762
6763
6764
6765
6766
6767
6768
6769
6770
6771
6772
6773
6774
6775
6776
6777
6778
6779
6780
6781
6782
6783
6784
6785
6786
6789
6790
6791
6792
6794
6795
6796
6797
6798
6801
6802
6803
6804
6805
6806
6807
6811
6813
6814
6815
6817
6818
6820
6821
6823
6825
6826
6827
6829
6830
6832
6834
6835
6837
6838
6840
6842
6844
6845
6846
6847
6850
6851
6853
6860
6861
6862
6865
6870
6871
6872
6873
6876
6878
6879
6880
6882
6883
6885
6887
6888
6889
6891
6893
6894
6895
6896
6897
6899
6900
6901
6903
6904
6905
6906
6908
6909
6910
6911
6912
6913
6914
6915
6916
6917
6918
6919
6920
6921
6922
6923
6924
6925
6926
6927
6928
6929
6930
6931
6932
6934
6935
6936
6937
6939
6942
6943
6944
6945
6946
6947
6948
6950
6951
6952
6953
6954
6955
6956
6957
6958
6959
6960
6961
6963
6964
6965
6967
6968
6969
6970
6971
6972
6973
6974
6975
6976
6977
6978
6979
6980
6981
6982
6983
6984
6985
6986
6987
6988
6989
6990
6993
6994
6995
6996
6997
6998
6999
7000
7001
7002
7003
7004
7005
7006
7007
7008
7009
7010
7011
7012
7013
7014
7015
7016
7017
7018
7019
7020
7021
7022
7024
7025
7026
7027
7028
7029
7030
7031
7032
7033
7034
7036
7038
7039
7040
7041
7043
7044
7047
7048
7050
7051
7052
7053
7055
7056
7059
7060
7061
7062
7063
7064
7066
7070
7071
7072
7074
7076
7077
7078
7079
7080
7081
7085
7086
7087
7088
7091
7093
7094
7095
7096
7097
7098
7099
7100
7101
7102
7103
7104
7107
7108
7109
7110
7116
7117
7118
7121
7124
7125
7126
7128
7129
7130
7131
7132
7133
7134
7137
7138
7139
7140
7141
7144
7146
7149
7150
7151
7152
7153
7154
7155
7156
7157
7158
7159
7160
7161
7162
7163
7164
7165
7166
7167
7168
7169
7170
7171
7172
7173
7174
7175
7176
7177
7180
7181
7182
7183
7184
7186
7187
7188
7189
7190
7191
7193
7194
7195
7196
7197
7198
7199
7202
7203
7207
7208
7209
7210
7212
7214
7216
7217
7218
7219
7220
7222
7224
7225
7226
7227
7228
7229
7231
7233
7234
7235
7236
7239
7241
7243
7244
7245
7249
7250
7251
7255
7256
7259
7260
7261
7263
7264
7266
7271
7272
7273
7274
7275
7277
7279
7280
7281
7282
7283
7284
7286
7288
7289
7290
7291
7294
7296
7297
7298
7299
7301
7302
7303
7304
7305
7307
7308
7309
7310
7312
7314
7316
7318
7323
7325
7326
7327
7328
7331
7333
7334
7337
7338
7340
7342
7344
7345
7346
7347
7348
7350
7351
7353
7355
7356
7357
7358
7359
7360
7362
7363
7364
7366
7367
7369
7370
7371
7372
7373
7374
7375
7376
7377
7378
7379
7380
7381
7382
7383
7384
7385
7386
7387
7388
7389
7390
7391
7392
7393
7394
7396
7398
7399
7400
7402
7403
7404
7405
7406
7407
7408
7409
7410
7411
7412
7414
7415
7417
7419
7420
7421
7422
7423
7424
7425
7427
7428
7429
7430
7431
7433
7434
7435
7436
7440
7441
7443
7444
7445
7446
7447
7448
7449
7450
7451
7452
7454
7455
7456
7457
7458
7459
7460
7461
7462
7463
7464
7465
7466
7467
7469
7470
7471
7472
7474
7475
7477
7478
7479
7480
7481
7482
7483
7484
7485
7486
7487
7488
7489
7490
7492
7493
7494
7495
7496
7497
7498
7501
7502
7503
7504
7505
7508
7509
7514
7516
7517
7520
7522
7523
7525
7526
7529
7531
7532
7533
7534
7535
7536
7537
7539
7540
7541
7544
7546
7547
7548
7549
7550
7552
7553
7554
7557
7559
7561
7562
7564
7566
7568
7569
7570
7571
7572
7573
7578
7579
7584
7589
7590
7591
7592
7593
7594
7596
7597
7601
7602
7604
7607
7608
7609
7611
7613
7614
7615
7617
7619
7620
7622
7623
7624
7626
7627
7630
7633
7635
7637
7638
7639
7640
7641
7642
7643
7644
7645
7646
7647
7648
7649
7650
7651
7652
7653
7654
7655
7656
7657
7658
7659
7660
7661
7662
7663
7664
7665
7666
7667
7668
7669
7670
7671
7673
7674
7676
7678
7679
7681
7682
7687
7689
7691
7692
7695
7697
7701
7702
7704
7713
7714
7715
7717
7719
7720
7722
7723
7724
7725
7727
7728
7730
7731
7733
7735
7736
7737
7738
7739
7740
7741
7742
7743
7746
7748
7749
7750
7751
7752
7753
7754
7755
7756
7757
7758
7760
7761
7763
7764
7765
7766
7767
7768
7769
7772
7773
7775
7777
7778
7779
7781
7783
7784
7785
7786
7787
7788
7789
7790
7791
7792
7793
7794
7795
7797
7799
7800
7802
7804
7805
7806
7807
7808
7810
7812
7813
7814
7815
7816
7818
7819
7820
7821
7822
7824
7825
7826
7827
7828
7829
7830
7831
7832
7833
7834
7835
7836
7838
7839
7841
7842
7843
7844
7845
7846
7847
7848
7849
7850
7851
7852
7853
7854
7855
7856
7859
7861
7862
7863
7865
7866
7867
7868
7869
7870
7871
7872
7873
7874
7876
7877
7878
7879
7880
7881
7882
7883
7884
7885
7886
7887
7888
7889
7890
7891
7893
7895
7896
7897
7899
7901
7902
7903
7905
7907
7908
7909
7910
7911
7912
7914
7915
7916
7918
7919
7920
7922
7923
7925
7926
7928
7930
7931
7932
7934
7935
7937
7939
7940
7942
7943
7945
7948
7950
7951
7952
7954
7957
7960
7961
7965
7966
7967
7969
7970
7972
7975
7977
7978
7981
7983
7984
7985
7987
7988
7990
7992
7993
7995
7996
7998
7999
8000
8001
8002
8003
8004
8005
8006
8008
8009
8010
8011
8013
8014
8015
8016
8017
8018
8019
8020
8021
8022
8023
8024
8025
8026
8027
8028
8029
8032
8034
8035
8036
8037
8039
8040
8041
8042
8044
8046
8047
8049
8050
8051
8052
8053
8055
8056
8057
8060
8061
8062
8063
8064
8065
8066
8068
8069
8070
8072
8073
8075
8076
8077
8078
8079
8080
8081
8082
8083
8084
8086
8087
8088
8089
8091
8092
8093
8094
8099
8100
8101
8102
8103
8104
8105
8106
8107
8108
8109
8110
8111
8112
8114
8115
8116
8117
8118
8119
8120
8121
8122
8123
8124
8125
8126
8127
8129
8130
8131
8132
8133
8134
8135
8136
8137
8138
8139
8141
8142
8143
8144
8147
8149
8150
8151
8152
8153
8156
8158
8159
8160
8161
8162
8164
8166
8168
8170
8171
8172
8174
8176
8177
8178
8181
8182
8183
8184
8185
8187
8191
8192
8193
8194
8195
8196
8197
8198
8201
8203
8207
8208
8210
8213
8214
8215
8217
8219
8220
8221
8223
8225
8226
8228
8229
8230
8231
8232
8233
8234
8236
8237
8239
8240
8241
8242
8243
8244
8245
8246
8247
8250
8251
8252
8253
8256
8257
8258
8259
8261
8262
8263
8264
8266
8268
8269
8270
8272
8273
8274
8275
8277
8278
8279
8281
8283
8284
8285
8287
8289
8290
8291
8292
8293
8294
8295
8297
8298
8299
8300
8301
8303
8310
8311
8312
8313
8315
8316
8317
8319
8320
8322
8325
8326
8327
8328
8330
8331
8332
8334
8335
8337
8340
8341
8342
8343
8344
8345
8346
8347
8348
8349
8350
8351
8352
8353
8354
8355
8356
8357
8358
8359
8360
8361
8362
8363
8366
8368
8369
8370
8372
8373
8375
8377
8378
8379
8380
8381
8382
8383
8384
8385
8386
8387
8388
8389
8390
8391
8393
8394
8395
8396
8397
8398
8399
8401
8402
8404
8405
8406
8407
8408
8409
8410
8411
8412
8413
8414
8415
8416
8418
8419
8420
8421
8422
8424
8425
8426
8427
8429
8431
8432
8433
8434
8435
8437
8438
8440
8441
8442
8443
8444
8445
8447
8448
8449
8450
8451
8452
8453
8454
8455
8457
8458
8459
8460
8462
8463
8464
8465
8466
8467
8468
8469
8472
8473
8474
8476
8477
8478
8479
8480
8481
8482
8484
8485
8486
8487
8488
8489
8490
8491
8492
8493
8494
8495
8496
8497
8499
8500
8501
8502
8503
8504
8505
8506
8507
8508
8509
8510
8511
8512
8514
8515
8516
8517
8518
8519
8520
8521
8522
8523
8524
8525
8526
8528
8530
8531
8533
8534
8537
8539
8540
8541
8543
8544
8545
8546
8548
8549
8552
8554
8558
8559
8560
8563
8564
8566
8569
8570
8572
8579
8581
8583
8584
8586
8589
8590
8591
8593
8595
8596
8597
8598
8599
8600
8601
8603
8604
8605
8606
8607
8609
8610
8611
8612
8613
8614
8615
8616
8617
8618
8619
8620
8621
8622
8624
8625
8626
8627
8629
8630
8632
8633
8635
8636
8637
8638
8639
8640
8641
8642
8643
8644
8645
8646
8647
8648
8649
8650
8651
8652
8654
8655
8656
8657
8658
8660
8661
8663
8664
8665
8667
8668
8671
8672
8674
8675
8676
8677
8679
8680
8681
8682
8684
8685
8687
8688
8689
8690
8691
8692
8693
8694
8695
8696
8697
8699
8700
8701
8702
8703
8704
8705
8706
8707
8708
8709
8710
8711
8713
8714
8716
8719
8720
8721
8722
8723
8724
8725
8726
8727
8728
8729
8730
8731
8733
8735
8736
8737
8738
8739
8741
8742
8743
8744
8745
8746
8747
8749
8750
8751
8752
8753
8754
8755
8756
8757
8758
8759
8760
8761
8762
8763
8764
8765
8766
8767
8769
8770
8772
8773
8775
8776
8777
8778
8779
8780
8781
8782
8783
8784
8785
8786
8787
8788
8790
8791
8792
8793
8794
8795
8796
8797
8799
8800
8801
8802
8803
8806
8808
8809
8810
8811
8812
8813
8814
8815
8817
8818
8819
8821
8822
8823
8824
8825
8826
8827
8828
8829
8830
8831
8832
8834
8835
8836
8837
8839
8840
8841
8842
8843
8844
8845
8847
8848
8849
8850
8852
8853
8854
